13.5 2.0 12.0 0.8 -2.0 10.0 0 0.0 1.0 1.0

# Sponza
43.388 32.692 -1.796 0.8 89.3 -25.4 0 60.0 1.0 1.0

# San Miguel Coutyard 
## Full View
13.5 2.0 12.0 0.8 -2.0 10.0 1 0.0 1.0 1.0

## Angled view
8.5 2.0 7.0 0.8 -45.0 10.0 1 0.0 1.0 1.0
6.5 2.0 6.5 0.8 -70.0 5.5 1 0.0 1.0 1.0

### Arches Night
26.0 2.5 -0.8 0.8 75 -3.0 2 0.0 1.0 10.0

## Angled view - Long shot
24.5 2.0 0.8 0.8 115 5.0 1 0.0 1.0 1.0

## Filtered Shadows - Near Fountain
15.5 2.0 5.0 0.8 120.0 0.0 0 80.0 1.0 1.0

# San Miguel Stairs
25.0 5.5 13.0 0.8 0 -25.0 0 180.0 1.0 1.0

## Night
25.0 5.5 13.0 0.8 0 -10.0 2 0.0 1.0 10.0

# San Miguel Walkway
# kloofendal_48d_partly_cloudy_puresky_4k
## Right Balcony
24.5 7.5 -1.5 0.8 90 0.0 0 -80.0 1.0 1.0

## Left Balcony
6.5 8.0 3.0 0.8 -70 -25.0 0 0.0 1.0 1.0

### Night
6.5 7.5 -1.5 0.8 -90 0.0 1 0.0 1.0 10.0
6.5 8.0 3.0 0.8 -70 -25.0 1 0.0 1.0 10.0

# Lumberyard bistro - Exterior
## Kloofendal
-2.5 0.45 0.2 0.8 -85.0 20.0 0 -60 1.0 1.0
-1.7 0.35 0.35 0.8 -75.0 10.0 0 -60 1.0 1.0

# Lumberyard Bistro - Interior 
## Umhlanga Sunrise
-0.062 0.537 -0.327 1.0 -96.7 -6.2 1 -55.0 1.0 1.0
0.007 0.444 -0.793 0.8 -143.3 0.0 0 -55.0 1.0 1.0
2.197 0.551 -0.027 0.8 87.0 -6.6 0 -100 1.0 5.0


## Golden Bay 
-0.062 0.537 -0.327 1.0 -96.7 -6.2 1 -40.0 1.0 1.0